# Time - Lost --- RTT ---- bitrate TCP --- threshold
1.634585 0.085547 0.216614 231074 231074 1500000
3.146705 0.078633 0.216660 240969 240969 1500000
4.691997 0.055043 0.000412 301211 2000000 1500000
5.840294 0.038530 0.000397 376513 2000000 1500000
7.054627 0.026971 0.000381 470641 2000000 1500000
8.003148 0.018880 0.000397 588301 2000000 1500000
8.406315 0.013216 0.000443 735376 2000000 1500000
9.607012 0.009251 0.000351 919220 2000000 1500000
10.437373 0.006476 0.000366 1149025 2000000 1500000
11.331177 0.004533 0.013931 1436281 2000000 1500000
12.118903 0.003173 0.013962 1795351 2000000 1500000
12.969663 0.002221 0.000351 1807351 2000000 1500000
13.398067 0.001555 0.000351 1819351 2000000 1500000
13.802788 0.001088 0.000397 1831351 2000000 1500000
14.227511 0.000762 0.000366 1843351 2000000 1500000
15.096296 0.000533 0.000351 1855351 2000000 1500000
15.535266 0.000373 0.000351 1867351 2000000 1500000
15.891995 0.000261 0.000336 1879351 2000000 1500000
16.330068 0.000183 0.003632 1891351 2000000 1500000
16.752394 0.000128 0.003632 1903351 2000000 1500000
17.186796 0.000090 0.003647 1915351 2000000 1500000
17.612246 0.000063 0.003708 1927351 2000000 1500000
18.013521 0.000044 0.003662 1939351 2000000 1500000
18.422018 0.000031 0.003693 1951351 2000000 1500000
18.863163 0.000022 0.000336 1963351 2000000 1500000
19.280973 0.000015 0.000290 1975351 2000000 1500000
19.539790 0.000011 0.000275 1987351 2000000 1500000
19.954264 0.000007 0.000336 1999351 2000000 1500000
20.318332 0.000005 0.000381 2000000 2000000 1500000
20.746881 0.000004 0.000397 2000000 2000000 1500000
21.174486 0.000003 0.002472 2000000 2000000 1500000
21.611708 0.000002 0.002533 2000000 2000000 1500000
22.053529 0.000001 0.002472 2000000 2000000 1500000
22.424377 0.000001 0.002487 2000000 2000000 1500000
22.880816 0.000001 0.002518 2000000 2000000 1500000
23.319169 0.000000 0.073318 2000000 2000000 1500000
23.771154 0.000000 0.073364 2000000 2000000 1500000
24.213927 0.000000 0.073380 2000000 2000000 1500000
24.656060 0.000000 0.073349 2000000 2000000 1500000
25.104184 0.000000 0.073364 2000000 2000000 1500000
25.554076 0.000000 0.073395 2000000 2000000 1500000
25.996658 0.000000 0.001907 2000000 2000000 1500000
26.897796 0.000000 0.000351 2000000 2000000 1500000
27.341641 0.000000 0.000336 2000000 2000000 1500000
27.775792 0.000000 0.000351 2000000 2000000 1500000
28.222597 0.000000 0.000366 2000000 2000000 1500000
28.657890 0.086719 0.222137 223801 223801 1500000
29.042191 0.125156 0.222122 186304 186304 167850
29.430838 0.087609 0.222122 198304 222676 167850
29.819929 0.061327 0.000320 210304 2000000 167850
30.204728 0.042929 0.000320 222304 2000000 167850
30.578926 0.030050 0.000366 234304 2000000 167850
31.339033 0.021035 0.000397 246304 2000000 167850
31.712038 0.014725 0.000366 258304 2000000 167850
32.085484 0.010307 0.000366 270304 2000000 167850
32.465481 0.007215 0.000381 282304 2000000 167850
32.795824 0.005051 0.000412 294304 2000000 167850
33.180318 0.003535 0.000381 306304 2000000 167850
33.567790 0.002475 0.000366 318304 2000000 167850
33.965418 0.001732 0.000336 330304 2000000 167850
34.353859 0.001213 0.000320 342304 2000000 167850
34.743621 0.000849 0.000351 354304 2000000 167850
35.152331 0.000594 0.000366 366304 2000000 167850
35.542340 0.000416 0.000381 378304 2000000 167850
35.793919 0.000291 0.000320 390304 2000000 167850
36.022445 0.000204 0.000351 402304 2000000 167850
36.399568 0.000143 0.000397 414304 2000000 167850
36.800035 0.000100 0.000351 426304 2000000 167850
37.603249 0.000070 0.000366 438304 2000000 167850
37.993172 0.000049 0.000366 450304 2000000 167850
38.390842 0.000034 0.000412 462304 2000000 167850
38.714337 0.000024 0.000336 474304 2000000 167850
39.123769 0.000017 0.000305 486304 2000000 167850
39.468226 0.000012 0.000305 498304 2000000 167850
39.878571 0.000008 0.000320 510304 2000000 167850
40.284246 0.000006 0.000351 522304 2000000 167850
40.693633 0.000004 0.000336 534304 2000000 167850
41.106561 0.000003 0.000351 546304 2000000 167850
41.513962 0.000002 0.000336 558304 2000000 167850
41.923400 0.000001 0.000366 570304 2000000 167850
42.324673 0.000001 0.000381 582304 2000000 167850
42.702553 0.000001 0.000381 594304 2000000 167850
43.095384 0.000000 0.000381 606304 2000000 167850
43.425149 0.000000 0.000275 618304 2000000 167850
43.839133 0.000000 0.000336 630304 2000000 167850
44.249885 0.000000 0.000305 642304 2000000 167850
44.658463 0.000000 0.000275 654304 2000000 167850
45.065536 0.000000 0.000320 666304 2000000 167850
45.480918 0.000000 0.000366 678304 2000000 167850
45.878287 0.000000 0.000336 690304 2000000 167850
46.306925 0.000000 0.000351 702304 2000000 167850
46.719792 0.000000 0.000351 714304 2000000 167850
47.559403 0.000000 0.000366 726304 2000000 167850
47.922605 0.000000 0.000336 738304 2000000 167850
48.336939 0.000000 0.000320 750304 2000000 167850
48.711950 0.000000 0.000381 762304 2000000 167850
49.079143 0.000000 0.000351 774304 2000000 167850
49.508753 0.000000 0.000366 786304 2000000 167850
49.908837 0.000000 0.000320 798304 2000000 167850
50.699199 0.000000 0.001343 810304 2000000 167850
51.091099 0.000000 0.000290 822304 2000000 167850
51.462414 0.000000 0.000305 834304 2000000 167850
51.844404 0.000000 0.000290 846304 2000000 167850
52.568563 0.000000 0.000336 858304 2000000 167850
53.404233 0.000000 0.000305 870304 2000000 167850
53.828312 0.000000 0.000336 882304 2000000 167850
54.238040 0.000000 0.000320 894304 2000000 167850
54.672903 0.000000 0.000351 906304 2000000 167850
55.093808 0.000000 0.000336 918304 2000000 167850
55.516837 0.000000 0.000336 930304 2000000 167850
55.934071 0.000000 0.000305 942304 2000000 167850
56.362461 0.000000 0.000320 954304 2000000 167850
56.761995 0.000000 0.000320 966304 2000000 167850
57.079875 0.000000 0.000336 978304 2000000 167850
57.498156 0.000000 0.000320 990304 2000000 167850
57.910464 0.000000 0.000336 1002304 2000000 167850
58.269632 0.000000 0.000366 1014304 2000000 167850
58.649570 0.000000 0.000366 1026304 2000000 167850
59.041371 0.000000 0.000336 1038304 2000000 167850
59.433476 0.000000 0.000275 1050304 2000000 167850
60.165256 0.000000 0.000336 1062304 2000000 167850
60.330262 0.000000 0.000290 1074304 2000000 167850
60.639135 0.000000 0.000320 1086304 2000000 167850
61.030670 0.000000 0.000229 1098304 2000000 167850
61.458725 0.000000 0.000244 1110304 2000000 167850
61.883014 0.000000 0.000259 1122304 2000000 167850
62.313059 0.000000 0.000259 1134304 2000000 167850
62.730520 0.000000 0.000259 1146304 2000000 167850
63.145141 0.000000 0.000320 1158304 2000000 167850
63.575369 0.000000 0.000351 1170304 2000000 167850
64.010758 0.000000 0.000320 1182304 2000000 167850
64.444458 0.000000 0.000336 1194304 2000000 167850
64.873768 0.000000 0.000336 1206304 2000000 167850
65.294303 0.000000 0.000366 1218304 2000000 167850
66.149357 0.000000 0.000305 1230304 2000000 167850
66.572562 0.000000 0.000336 1242304 2000000 167850
67.403485 0.000000 0.000305 1254304 2000000 167850
67.815251 0.000000 0.000290 1266304 2000000 167850
68.238957 0.000000 0.000320 1278304 2000000 167850
68.670723 0.000000 0.000305 1290304 2000000 167850
69.097353 0.000000 0.000381 1302304 2000000 167850
69.948110 0.000000 0.000275 1314304 2000000 167850
70.372762 0.000000 0.000305 1326304 2000000 167850
70.798599 0.000000 0.000351 1338304 2000000 167850
71.195018 0.000000 0.000351 1350304 2000000 167850
71.644447 0.000000 0.000336 1362304 2000000 167850
72.112070 0.000000 0.000259 1374304 2000000 167850
72.582699 0.000000 0.000259 1386304 2000000 167850
73.027036 0.000000 0.000351 1398304 2000000 167850
73.470170 0.000000 0.000290 1410304 2000000 167850
73.895626 0.000000 0.014938 1422304 2000000 167850
74.342712 0.000000 0.014923 1434304 2000000 167850
74.785609 0.000000 0.014923 1446304 2000000 167850
75.240650 0.000000 0.014938 1458304 2000000 167850
75.686595 0.000000 0.014954 1470304 2000000 167850
76.127751 0.000000 0.014954 1482304 2000000 167850
76.574120 0.000000 0.002228 1494304 2000000 167850
77.018942 0.000000 0.002213 1506304 2000000 167850
77.459578 0.000000 0.002243 1518304 2000000 167850
77.924560 0.000000 0.002228 1530304 2000000 167850
78.389684 0.000000 0.002274 1542304 2000000 167850
78.848109 0.000000 0.002258 1554304 2000000 167850
79.295988 0.000000 0.000275 1566304 2000000 167850
79.747527 0.000000 0.000259 1578304 2000000 167850
80.196380 0.000000 0.000275 1590304 2000000 167850
80.627747 0.000000 0.000320 1602304 2000000 167850
81.062675 0.000000 0.000320 1614304 2000000 167850
81.499419 0.000000 0.000565 1626304 2000000 167850
81.943484 0.000000 0.001053 1638304 2000000 167850
82.394103 0.000000 0.001053 1650304 2000000 167850
82.836561 0.000000 0.001038 1662304 2000000 167850
83.277815 0.000000 0.001038 1674304 2000000 167850
83.712562 0.000000 0.001083 1686304 2000000 167850
84.125931 0.000000 0.000290 1698304 2000000 167850
84.557652 0.000000 0.000275 1710304 2000000 167850
84.984880 0.000000 0.000351 1722304 2000000 167850
85.414456 0.000000 0.000473 1734304 2000000 167850
85.846795 0.000000 0.000366 1746304 2000000 167850
86.273768 0.000000 0.000275 1758304 2000000 167850
86.699574 0.000000 0.000290 1770304 2000000 167850
87.132367 0.000000 0.000305 1782304 2000000 167850
87.541920 0.000000 0.000351 1794304 2000000 167850
88.380821 0.000000 0.000336 1806304 2000000 167850
88.800807 0.000000 0.000397 1818304 2000000 167850
89.203304 0.000000 0.000366 1830304 2000000 167850
89.610066 0.000000 0.000397 1842304 2000000 167850
89.911187 0.000000 0.033844 1854304 2000000 167850
90.302944 0.000000 0.033936 1866304 2000000 167850
90.718841 0.000000 0.033951 1878304 2000000 167850
91.134609 0.000000 0.001709 1890304 2000000 167850
91.556626 0.000000 0.000320 1902304 2000000 167850
91.987879 0.000000 0.000336 1914304 2000000 167850
92.414425 0.000000 0.000397 1926304 2000000 167850
92.851682 0.000000 0.000397 1938304 2000000 167850
93.240361 0.000000 0.000259 1950304 2000000 167850
93.668725 0.000000 0.000336 1962304 2000000 167850
94.532978 0.000000 0.000305 1974304 2000000 167850
94.969245 0.000000 0.000351 1986304 2000000 167850
95.396475 0.000000 0.000351 1998304 2000000 167850
95.828595 0.000000 0.000351 2000000 2000000 167850
96.254583 0.000000 0.003387 2000000 2000000 167850
96.680709 0.000000 0.000381 2000000 2000000 167850
97.112358 0.000000 0.000336 2000000 2000000 167850
97.558875 0.000000 0.000366 2000000 2000000 167850
97.983483 0.000000 0.000381 2000000 2000000 167850
